
202300742 Adailton 0 0,00 0,00 0,00 0,00
202300083 Aisla 2 2,00 3,00 4,00 3,00
202300084 Alano 0 0,00 0,00 0,00 0,00
202300085 Ana 0 0,00 0,00 0,00 0,00
202300086 Antônio 0 0,00 0,00 0,00 0,00
202300693 Carlos 0 0,00 0,00 0,00 0,00
202300087 Claiton 0 0,00 0,00 0,00 0,00
202300088 Clara 0 0,00 0,00 0,00 0,00
202300090 Felipe 0 0,00 0,00 0,00 0,00
202300091 Felipe 0 0,00 0,00 0,00 0,00
202300093 Felipe 0 0,00 0,00 0,00 0,00
202300094 Floro 0 0,00 0,00 0,00 0,00
202300095 Gabriel 0 0,00 0,00 0,00 0,00
202200143 Gabriel 0 0,00 0,00 0,00 0,00
202300096 Gabriela 0 0,00 0,00 0,00 0,00
202012994 Guilherme 0 0,00 0,00 0,00 0,00
202300097 Gustavo 0 0,00 0,00 0,00 0,00
202300098 Gustavo 0 0,00 0,00 0,00 0,00
202300099 Gustavo 0 0,00 0,00 0,00 0,00
202300100 Gustavo 0 0,00 0,00 0,00 0,00
202300912 Henrique 0 0,00 0,00 0,00 0,00
202300101 Igor 0 0,00 0,00 0,00 0,00
202300102 João 0 0,00 0,00 0,00 0,00
202300103 João 0 0,00 0,00 0,00 0,00
202300104 João 0 0,00 0,00 0,00 0,00
202300105 João 0 0,00 0,00 0,00 0,00
202300741 João 0 0,00 0,00 0,00 0,00
202300106 João 0 0,00 0,00 0,00 0,00
202300107 João 0 0,00 0,00 0,00 0,00
202300913 Joaquin 0 0,00 0,00 0,00 0,00
202300914 Kaike 0 0,00 0,00 0,00 0,00
202300108 Karla 0 0,00 0,00 0,00 0,00
202300109 Kellen 0 0,00 0,00 0,00 0,00
202300110 Lana 0 0,00 0,00 0,00 0,00
202109777 Lázaro 0 0,00 0,00 0,00 0,00
202013006 Leonardo 0 0,00 0,00 0,00 0,00
202300111 Lucas 0 0,00 0,00 0,00 0,00
202300112 Lynkoln 0 0,00 0,00 0,00 0,00
202300113 Lysian 0 0,00 0,00 0,00 0,00
202300739 Marco 0 0,00 0,00 0,00 0,00
202300114 Maria 0 0,00 0,00 0,00 0,00
202300115 Mateus 0 0,00 0,00 0,00 0,00
202200164 Mateus 0 0,00 0,00 0,00 0,00
202300116 Matheus 0 0,00 0,00 0,00 0,00
202300117 Matheus 0 0,00 0,00 0,00 0,00
202300118 Micaele 0 0,00 0,00 0,00 0,00
202300120 Pablo 0 0,00 0,00 0,00 0,00
202300915 Pedro 0 0,00 0,00 0,00 0,00
202300121 Pedro 0 0,00 0,00 0,00 0,00
202300122 Phillipi 0 0,00 0,00 0,00 0,00
202300916 Rafael 0 0,00 0,00 0,00 0,00
202201160 Renato 0 0,00 0,00 0,00 0,00
202300123 Rian 0 0,00 0,00 0,00 0,00
202300124 Samuel 0 0,00 0,00 0,00 0,00
202300743 Sergimar 0 0,00 0,00 0,00 0,00
202300125 Tatielly 0 0,00 0,00 0,00 0,00
202300127 Victor 0 0,00 0,00 0,00 0,00
202300863 Vinícius 0 0,00 0,00 0,00 0,00
202300128 Vitor 0 0,00 0,00 0,00 0,00
202300122 Phillipi 0 0.0 0.0 0.0 0.0
202300916 Rafael 0 0.0 0.0 0.0 0.0
202201160 Renato 0 0.0 0.0 0.0 0.0
202300123 Rian 0 0.0 0.0 0.0 0.0
202300124 Samuel 0 0.0 0.0 0.0 0.0
202300743 Sergimar 0 0.0 0.0 0.0 0.0
202300125 Tatielly 0 0.0 0.0 0.0 0.0
202300127 Victor 0 0.0 0.0 0.0 0.0
202300863 Vinícius 0 0.0 0.0 0.0 0.0
202300128 Vitor 0 0.0 0.0 0.0 0.0