202300742 Adailton 0 0,00 0,00 0,00 0,00 0,00 0,00 0,00 0,00 0,00
202300083 Aisla 0 0,00 0,00 0,00 0,00 0,00 0,00 0,00 0,00 0,00
202300693 Carlos 0 6,00 7,00 6,00 7,00 6,00 7,00 6,00 7,00 6,50
202300091 Felipe_Franco 5 8,00 7,00 7,00 8,00 6,00 5,00 8,00 5,00 7,00
202200143 Gabriel_Cardoso 0 0,00 0,00 0,00 0,00 0,00 0,00 0,00 0,00 0,00
202300098 Gustavo_Fé 0 0,00 0,00 0,00 0,00 0,00 0,00 0,00 0,00 0,00
202300101 Igor 0 0,00 0,00 0,00 0,00 0,00 0,00 0,00 0,00 0,00
202300105 João_Paulo 0 0,00 0,00 0,00 0,00 0,00 0,00 0,00 0,00 0,00
202300913 Joaquin 0 0,00 0,00 0,00 0,00 0,00 0,00 0,00 0,00 0,00
202300110 Lana 0 0,00 0,00 0,00 0,00 0,00 0,00 0,00 0,00 0,00
202300112 Lynkoln 0 0,00 0,00 0,00 0,00 0,00 0,00 0,00 0,00 0,00
202300115 Mateus_Campos 0 0,00 0,00 0,00 0,00 0,00 0,00 0,00 0,00 0,00
202300118 Micaele 0 0,00 0,00 0,00 0,00 0,00 0,00 0,00 0,00 0,00
202300122 Phillipi 0 0,00 0,00 0,00 0,00 0,00 0,00 0,00 0,00 0,00
202300124 Samuel 0 0,00 0,00 0,00 0,00 0,00 0,00 0,00 0,00 0,00
202300863 Vinícius 0 0,00 0,00 0,00 0,00 0,00 0,00 0,00 0,00 0,00
202300108 Karla 0 0,00 0,00 0,00 0,00 0,00 0,00 0,00 0,00 0,00
202300110 Lana 0 0,00 0,00 0,00 0,00 0,00 0,00 0,00 0,00 0,00
202013006 Leonardo 0 0,00 0,00 0,00 0,00 0,00 0,00 0,00 0,00 0,00
202300112 Lynkoln 0 0,00 0,00 0,00 0,00 0,00 0,00 0,00 0,00 0,00
202300739 Marco_Túlio 0 0,00 0,00 0,00 0,00 0,00 0,00 0,00 0,00 0,00
202300115 Mateus_Campos 0 0,00 0,00 0,00 0,00 0,00 0,00 0,00 0,00 0,00
202300116 Matheus_Oliveria 0 0,00 0,00 0,00 0,00 0,00 0,00 0,00 0,00 0,00
202300118 Micaele 0 0,00 0,00 0,00 0,00 0,00 0,00 0,00 0,00 0,00
202300915 Pedro_Almeida 0 0,00 0,00 0,00 0,00 0,00 0,00 0,00 0,00 0,00
202300122 Phillipi 0 0,00 0,00 0,00 0,00 0,00 0,00 0,00 0,00 0,00
202201160 Renato 0 0,00 0,00 0,00 0,00 0,00 0,00 0,00 0,00 0,00
202300124 Samuel 0 0,00 0,00 0,00 0,00 0,00 0,00 0,00 0,00 0,00
202300125 Tatielly 0 0,00 0,00 0,00 0,00 0,00 0,00 0,00 0,00 0,00
202300863 Vinícius 0 0,00 0,00 0,00 0,00 0,00 0,00 0,00 0,00 0,00
202300108 Karla 0 0,00 0,00 0,00 0,00 0,00 0,00 0,00 0,00 0,00
202300109 Kellen 0 0,00 0,00 0,00 0,00 0,00 0,00 0,00 0,00 0,00
202300110 Lana 0 0,00 0,00 0,00 0,00 0,00 0,00 0,00 0,00 0,00
202109777 Lázaro 0 0,00 0,00 0,00 0,00 0,00 0,00 0,00 0,00 0,00
202013006 Leonardo 0 0,00 0,00 0,00 0,00 0,00 0,00 0,00 0,00 0,00
202300111 Lucas 1 7,00 7,00 76,00 7,00 6,00 7,00 6,00 7,00 12,58
202300112 Lynkoln 0 0,00 0,00 0,00 0,00 0,00 0,00 0,00 0,00 0,00
202300113 Lysian 0 0,00 0,00 0,00 0,00 0,00 0,00 0,00 0,00 0,00
202300739 Marco_Túlio 0 0,00 0,00 0,00 0,00 0,00 0,00 0,00 0,00 0,00
202300114 Maria 0 0,00 0,00 0,00 0,00 0,00 0,00 0,00 0,00 0,00
202300115 Mateus_Campos 0 0,00 0,00 0,00 0,00 0,00 0,00 0,00 0,00 0,00
202200164 Mateus_Stadler 0 0,00 0,00 0,00 0,00 0,00 0,00 0,00 0,00 0,00
202300116 Matheus_Oliveria 0 0,00 0,00 0,00 0,00 0,00 0,00 0,00 0,00 0,00
202300117 Matheus_Prado 0 0,00 0,00 0,00 0,00 0,00 0,00 0,00 0,00 0,00
202300118 Micaele 0 0,00 0,00 0,00 0,00 0,00 0,00 0,00 0,00 0,00
202300120 Pablo 0 0,00 0,00 0,00 0,00 0,00 0,00 0,00 0,00 0,00
202300915 Pedro_Almeida 0 0,00 0,00 0,00 0,00 0,00 0,00 0,00 0,00 0,00
202300121 Pedro_Vinícius 0 0,00 0,00 0,00 0,00 0,00 0,00 0,00 0,00 0,00
202300122 Phillipi 0 0,00 0,00 0,00 0,00 0,00 0,00 0,00 0,00 0,00
202300916 Rafael 0 0,00 0,00 0,00 0,00 0,00 0,00 0,00 0,00 0,00
202201160 Renato 0 0,00 0,00 0,00 0,00 0,00 0,00 0,00 0,00 0,00
202300123 Rian 0 0,00 0,00 0,00 0,00 0,00 0,00 0,00 0,00 0,00
202300124 Samuel 0 0,00 0,00 0,00 0,00 0,00 0,00 0,00 0,00 0,00
202300743 Sergimar 0 0,00 0,00 0,00 0,00 0,00 0,00 0,00 0,00 0,00
202300125 Tatielly 0 0,00 0,00 0,00 0,00 0,00 0,00 0,00 0,00 0,00
202300127 Victor 0 0,00 0,00 0,00 0,00 0,00 0,00 0,00 0,00 0,00
202300863 Vinícius 0 0,00 0,00 0,00 0,00 0,00 0,00 0,00 0,00 0,00
202300128 Vitor 0 0,00 0,00 0,00 0,00 0,00 0,00 0,00 0,00 0,00
