202300742
202300083
202300084
202300085
202300086
202300693
202300087
202300088
202300090
202300091
202300093
202300094
202300095
202200143
202300096
202012994
202300097
202300098
202300099
202300100
202300912
202300101
202300102
202300103
202300104
202300105
202300741
202300106
202300107
202300913
202300914
202300108
202300109
202300110
202109777
202013006
202300111
202300112
202300113
202300739
202300114
202300115
202200164
202300116
202300117
202300118
202300120
202300915
202300121
202300122
202300916
202201160
202300123
202300124
202300743
202300125
202300127
202300863
202300128
